20 20
1 1 1 1 1 0 0 1 1 1 1 1 1 1 1 0 0 1 1 1
0 1 1 1 1 1 0 1 0 1 0 1 1 0 1 1 1 1 1 1
0 0 1 0 1 1 1 0 0 1 1 1 1 1 1 0 0 1 1 1
1 0 S 1 1 0 1 1 0 1 1 1 1 1 1 1 1 1 1 1
0 0 0 1 0 0 0 1 0 1 0 1 0 1 1 0 0 1 1 1
1 0 1 1 1 0 0 1 1 0 1 1 1 1 1 0 0 1 1 1
0 0 0 0 1 0 0 1 0 1 1 1 1 1 1 1 0 1 1 1
0 1 1 1 1 1 1 1 0 0 1 0 1 1 1 0 0 1 1 1
1 1 1 1 1 0 0 1 1 1 1 1 1 0 1 1 1 1 1 1
0 0 1 0 0 1 1 0 0 1 1 1 1 1 1 0 0 1 1 1
1 1 1 1 1 0 0 1 1 1 1 0 1 1 1 1 1 1 1 1
0 1 1 1 1 1 0 1 0 1 1 1 1 1 1 1 1 1 1 1
0 0 1 0 1 1 1 0 0 1 1 1 1 1 1 0 0 1 1 1
1 0 1 1 1 0 1 1 0 1 1 1 1 1 1 1 0 1 1 1
0 0 0 1 0 0 0 1 0 1 1 1 0 1 1 0 1 1 1 1
1 0 1 1 1 0 0 1 1 0 1 1 1 1 1 1 1 1 1 1
0 0 0 0 1 0 0 1 0 1 1 1 1 1 1 0 0 1 1 1
0 1 1 1 1 1 1 1 0 0 1 1 0 1 1 1 1 1 1 1
1 1 1 1 1 0 0 1 1 1 1 1 1 1 1 0 1 D 1 1
0 0 1 0 0 1 1 0 0 1 1 0 1 1 1 1 1 1 1 1
